# Measured in my kitchen with a thermocouple sensor.
# on 2014/06/17
8.00  0
0.342 80
0.350 79
0.361 78
0.368 77
0.378 76
0.392 75
0.401 74
0.415 73
0.430 72
0.442 71
0.460 70
0.471 69
0.486 68
0.506 67
0.524 66
0.541 65
0.560 64
0.577 63
0.601 62
0.619 61
0.639 60
0.669 59
0.685 58
0.707 57
0.740 56
0.757 55
0.820 53
0.852 52
0.887 51
0.919 50
0.958 49
0.982 48
1.020 47
1.059 46
1.107 45
1.150 44
1.202 43
1.255 42
1.289 41
1.386 39
1.427 38
1.525 37
1.560 36
1.628 35
1.693 34
1.765 33
1.836 32
1.920 31
1.997 30
2.09  29
2.21  28
2.28  27
